%PDF-1.7

1 0 obj
  << /Type /XObject
     /Length 2 0 R
     /Group << /Type /Group
               /S /Transparency
            >>
     /Subtype /Form
     /Resources << >>
     /BBox [ 0.000000 0.000000 24.000000 24.000000 ]
  >>
stream
/DeviceRGB CS
/DeviceRGB cs
q
1.000000 0.000000 -0.000000 1.000000 0.000000 0.000000 cm
1.000000 0.819608 0.188235 scn
0.000000 24.000000 m
24.000000 24.000000 l
24.000000 0.000000 l
0.000000 0.000000 l
0.000000 24.000000 l
h
f
n
Q

endstream
endobj

2 0 obj
  232
endobj

3 0 obj
  << /Type /XObject
     /Length 4 0 R
     /Group << /Type /Group
               /S /Transparency
            >>
     /Subtype /Form
     /Resources << >>
     /BBox [ 0.000000 0.000000 24.000000 24.000000 ]
  >>
stream
/DeviceRGB CS
/DeviceRGB cs
q
1.000000 0.000000 -0.000000 1.000000 2.000000 2.000000 cm
0.000000 0.000000 0.000000 scn
4.000000 12.000000 m
1.790861 12.000000 0.000000 13.790861 0.000000 16.000000 c
0.000000 18.209139 1.790861 20.000000 4.000000 20.000000 c
6.209139 20.000000 8.000000 18.209139 8.000000 16.000000 c
8.000000 14.000000 l
6.000000 14.000000 l
6.000000 16.000000 l
6.000000 17.104568 5.104569 18.000000 4.000000 18.000000 c
2.895431 18.000000 2.000000 17.104568 2.000000 16.000000 c
2.000000 14.895431 2.895431 14.000000 4.000000 14.000000 c
6.000000 14.000000 l
6.000000 12.000000 l
4.000000 12.000000 l
h
8.000000 12.000000 m
6.000000 12.000000 l
6.000000 8.000000 l
4.000000 8.000000 l
1.790861 8.000000 0.000000 6.209139 0.000000 4.000000 c
0.000000 1.790861 1.790861 0.000000 4.000000 0.000000 c
6.209139 0.000000 8.000000 1.790861 8.000000 4.000000 c
8.000000 6.000000 l
12.000000 6.000000 l
12.000000 4.000000 l
12.000000 1.790861 13.790861 0.000000 16.000000 0.000000 c
18.209139 0.000000 20.000000 1.790861 20.000000 4.000000 c
20.000000 6.209139 18.209139 8.000000 16.000000 8.000000 c
14.000000 8.000000 l
14.000000 12.000000 l
16.000000 12.000000 l
18.209139 12.000000 20.000000 13.790861 20.000000 16.000000 c
20.000000 18.209139 18.209139 20.000000 16.000000 20.000000 c
13.790861 20.000000 12.000000 18.209139 12.000000 16.000000 c
12.000000 14.000000 l
8.000000 14.000000 l
8.000000 12.000000 l
h
12.000000 12.000000 m
8.000000 12.000000 l
8.000000 8.000000 l
6.000000 8.000000 l
6.000000 6.000000 l
4.000000 6.000000 l
2.895431 6.000000 2.000000 5.104569 2.000000 4.000000 c
2.000000 2.895430 2.895431 2.000000 4.000000 2.000000 c
5.104569 2.000000 6.000000 2.895430 6.000000 4.000000 c
6.000000 6.000000 l
8.000000 6.000000 l
8.000000 8.000000 l
12.000000 8.000000 l
12.000000 6.000000 l
14.000000 6.000000 l
14.000000 4.000000 l
14.000000 2.895430 14.895431 2.000000 16.000000 2.000000 c
17.104570 2.000000 18.000000 2.895430 18.000000 4.000000 c
18.000000 5.104569 17.104570 6.000000 16.000000 6.000000 c
14.000000 6.000000 l
14.000000 8.000000 l
12.000000 8.000000 l
12.000000 12.000000 l
h
12.000000 12.000000 m
14.000000 12.000000 l
14.000000 14.000000 l
16.000000 14.000000 l
17.104570 14.000000 18.000000 14.895431 18.000000 16.000000 c
18.000000 17.104568 17.104570 18.000000 16.000000 18.000000 c
14.895431 18.000000 14.000000 17.104568 14.000000 16.000000 c
14.000000 14.000000 l
12.000000 14.000000 l
12.000000 12.000000 l
h
f*
n
Q

endstream
endobj

4 0 obj
  2476
endobj

5 0 obj
  << /XObject << /X1 1 0 R >>
     /ExtGState << /E1 << /SMask << /Type /Mask
                                    /G 3 0 R
                                    /S /Alpha
                                 >>
                          /Type /ExtGState
                       >> >>
  >>
endobj

6 0 obj
  << /Length 7 0 R >>
stream
/DeviceRGB CS
/DeviceRGB cs
q
1.000000 0.000000 -0.000000 1.000000 2.000000 2.000000 cm
0.000000 0.000000 0.000000 scn
4.000000 12.000000 m
1.790861 12.000000 0.000000 13.790861 0.000000 16.000000 c
0.000000 18.209139 1.790861 20.000000 4.000000 20.000000 c
6.209139 20.000000 8.000000 18.209139 8.000000 16.000000 c
8.000000 14.000000 l
6.000000 14.000000 l
6.000000 16.000000 l
6.000000 17.104568 5.104569 18.000000 4.000000 18.000000 c
2.895431 18.000000 2.000000 17.104568 2.000000 16.000000 c
2.000000 14.895431 2.895431 14.000000 4.000000 14.000000 c
6.000000 14.000000 l
6.000000 12.000000 l
4.000000 12.000000 l
h
8.000000 12.000000 m
6.000000 12.000000 l
6.000000 8.000000 l
4.000000 8.000000 l
1.790861 8.000000 0.000000 6.209139 0.000000 4.000000 c
0.000000 1.790861 1.790861 0.000000 4.000000 0.000000 c
6.209139 0.000000 8.000000 1.790861 8.000000 4.000000 c
8.000000 6.000000 l
12.000000 6.000000 l
12.000000 4.000000 l
12.000000 1.790861 13.790861 0.000000 16.000000 0.000000 c
18.209139 0.000000 20.000000 1.790861 20.000000 4.000000 c
20.000000 6.209139 18.209139 8.000000 16.000000 8.000000 c
14.000000 8.000000 l
14.000000 12.000000 l
16.000000 12.000000 l
18.209139 12.000000 20.000000 13.790861 20.000000 16.000000 c
20.000000 18.209139 18.209139 20.000000 16.000000 20.000000 c
13.790861 20.000000 12.000000 18.209139 12.000000 16.000000 c
12.000000 14.000000 l
8.000000 14.000000 l
8.000000 12.000000 l
h
12.000000 12.000000 m
8.000000 12.000000 l
8.000000 8.000000 l
6.000000 8.000000 l
6.000000 6.000000 l
4.000000 6.000000 l
2.895431 6.000000 2.000000 5.104569 2.000000 4.000000 c
2.000000 2.895430 2.895431 2.000000 4.000000 2.000000 c
5.104569 2.000000 6.000000 2.895430 6.000000 4.000000 c
6.000000 6.000000 l
8.000000 6.000000 l
8.000000 8.000000 l
12.000000 8.000000 l
12.000000 6.000000 l
14.000000 6.000000 l
14.000000 4.000000 l
14.000000 2.895430 14.895431 2.000000 16.000000 2.000000 c
17.104570 2.000000 18.000000 2.895430 18.000000 4.000000 c
18.000000 5.104569 17.104570 6.000000 16.000000 6.000000 c
14.000000 6.000000 l
14.000000 8.000000 l
12.000000 8.000000 l
12.000000 12.000000 l
h
12.000000 12.000000 m
14.000000 12.000000 l
14.000000 14.000000 l
16.000000 14.000000 l
17.104570 14.000000 18.000000 14.895431 18.000000 16.000000 c
18.000000 17.104568 17.104570 18.000000 16.000000 18.000000 c
14.895431 18.000000 14.000000 17.104568 14.000000 16.000000 c
14.000000 14.000000 l
12.000000 14.000000 l
12.000000 12.000000 l
h
f*
n
Q
q
/E1 gs
/X1 Do
Q

endstream
endobj

7 0 obj
  2494
endobj

8 0 obj
  << /Annots []
     /Type /Page
     /MediaBox [ 0.000000 0.000000 24.000000 24.000000 ]
     /Resources 5 0 R
     /Contents 6 0 R
     /Parent 9 0 R
  >>
endobj

9 0 obj
  << /Kids [ 8 0 R ]
     /Count 1
     /Type /Pages
  >>
endobj

10 0 obj
  << /Pages 9 0 R
     /Type /Catalog
  >>
endobj

xref
0 11
0000000000 65535 f
0000000010 00000 n
0000000490 00000 n
0000000512 00000 n
0000003236 00000 n
0000003259 00000 n
0000003557 00000 n
0000006107 00000 n
0000006130 00000 n
0000006303 00000 n
0000006377 00000 n
trailer
<< /ID [ (some) (id) ]
   /Root 10 0 R
   /Size 11
>>
startxref
6437
%%EOF